276;
31, 6;
take product #2;
2;
2;
2;
2;
2;
2;
2;
2;
3;
3;
0;
0;
0;
0;
0;
0;
0;
0;
0;
0;
0;
0;
3;
3;
2;
2;
2;
2;
2;
2;
2;
2;
2;
2;
2;
2;
2;
2;
3;
3;
3;
3;
3;
3;
3;
3;
3;
3;
2;
2;
3;
3;
3;
2;
2;
2;
1;
take product #7;
3;
2;
2;
2;
2;
2;
2;
2;
2;
2;
1;
1;
1;
2;
1;
0;
1;
1;
1;
1;
2;
2;
2;
2;
1;
2;
2;
1;
1;
1;
1;
2;
1;
1;
1;
1;
1;
1;
1;
1;
1;
1;
take product #0;
0;
3;
0;
3;
0;
0;
3;
0;
3;
3;
0;
3;
3;
0;
0;
1;
take product #6;
3;
2;
2;
2;
2;
1;
2;
3;
2;
2;
2;
3;
3;
3;
0;
3;
3;
0;
3;
2;
3;
0;
3;
0;
0;
3;
3;
3;
3;
3;
3;
3;
3;
0;
0;
0;
3;
3;
3;
3;
3;
3;
3;
3;
3;
2;
take product #5;
0;
3;
3;
3;
3;
3;
3;
3;
0;
0;
0;
1;
1;
0;
0;
1;
1;
0;
1;
take product #1;
2;
1;
2;
1;
2;
1;
1;
0;
0;
1;
0;
0;
0;
3;
0;
0;
0;
0;
0;
0;
1;
0;
3;
0;
0;
3;
3;
3;
3;
3;
3;
3;
3;
3;
0;
0;
0;
0;
0;
0;
0;
0;
0;
0;
0;
0;
0;
0;
1;
1;
1;
0;
0;
take product #4;
0;
0;
0;
0;
0;
0;
3;
3;
3;
0;
0;
0;
take product #8;
2;
2;
2;
1;
1;
1;
1;
1;
1;
1;
1;
1;
1;
1;
1;
2;
2;
1;
1;
2;
1;
1;
1;
take product #3;
